Goals  Shots  ShotsOnTarget  Poss  Tackles  Fouls  Yellows  Reds  Injuries  Offsides  Corners  ShotAccu  PassAccu
3 6 4 51 9 2 0 0 0 1 1 66 86
2 7 6 49 7 1 0 0 0 1 0 85 90
5 7 7 57 15 0 0 0 0 0 0 100 90
2 13 6 43 11 1 1 0 0 0 1 46 85
3 12 11 53 13 4 0 0 0 1 3 91 92
2 8 4 47 13 1 0 0 0 1 3 50 85
2 6 4 53 8 1 1 0 0 0 1 66 85
1 7 6 47 19 3 1 0 1 0 2 85 79
4 6 5 57 8 1 0 0 0 0 0 83 88
2 7 5 43 4 1 0 0 0 0 0 71 89
2 3 3 46 11 1 0 0 0 0 1 100 86
3 8 6 54 8 2 1 0 0 1 1 75 90
2 9 6 48 6 2 0 0 0 0 1 66 87
1 15 11 52 3 1 0 0 1 1 5 73 89
4 10 8 51 8 3 1 0 0 0 2 80 89
3 14 13 49 6 0 0 0 0 1 3 92 90
3 6 5 50 16 2 0 0 0 0 1 83 88
5 10 9 50 10 3 0 0 0 1 2 90 91
1 6 4 46 12 4 0 0 0 0 0 66 84
4 15 12 54 13 0 0 0 1 0 6 80 86
2 9 6 54 25 4 0 0 0 1 0 66 90
4 13 9 46 17 4 1 0 0 1 0 69 88
1 7 4 53 6 0 0 0 0 1 2 57 90
2 12 11 47 8 3 1 1 0 1 1 91 89
4 15 11 54 6 0 0 0 0 0 7 73 91
2 8 4 46 8 1 1 0 0 0 1 50 87
6 11 8 50 14 1 0 0 1 0 1 72 88
0 5 3 50 17 2 0 0 1 2 1 60 87
4 14 10 48 17 2 0 0 1 0 3 71 90
3 9 6 52 20 2 1 0 0 2 1 66 85
4 8 7 51 11 3 0 0 0 0 1 87 85
1 17 11 49 17 1 0 0 0 0 3 64 87
3 13 8 52 12 0 0 0 1 0 2 61 90
2 5 3 48 14 2 0 1 0 0 1 60 83
3 8 6 54 10 1 0 0 0 1 4 75 87
0 11 8 46 17 5 1 1 0 1 4 72 82
4 16 10 59 13 2 0 0 0 1 3 62 87
0 5 2 41 7 0 0 0 1 0 2 40 68
2 6 6 47 11 0 0 0 0 0 1 100 87
1 11 7 53 19 3 1 0 0 0 2 63 86
5 7 5 46 11 3 1 0 0 0 0 71 92
2 17 10 54 20 0 0 0 0 1 1 58 89
6 14 11 51 11 2 0 0 0 0 3 78 84
2 8 7 49 16 0 0 0 0 1 1 87 82
0 5 2 45 12 0 0 0 1 0 2 40 82
2 12 9 55 20 1 0 0 0 1 1 75 91
4 11 7 61 9 1 0 0 2 0 4 63 88
0 5 2 39 7 1 0 0 0 0 3 40 74
